                          Plate ID     Insp. ID  Dur (min)
Time Group
2016 Administrators      1068344.0    2536202.0     1551.9
     Agard               5836035.0   16204726.0     5913.9
     Craik               2321971.0    7197276.0     2808.6
     DeGrado            33482323.0   90318513.0    39622.7
     DeRisi               858997.0    1933886.0     4045.5
     Deo                 1111831.0    3836257.0     2025.7
     England            11307901.0   32295321.0    21670.6
     Fraser             11199662.0   30631727.0    24191.5
     Gross              21893029.0   56000109.0    55084.8
     Julius               595162.0    1463349.0      379.8
     Jura               19994480.0   50622627.0    31364.5
     Minor              29552154.0   75284186.0    19920.3
     Morgan               390894.0     885029.0      445.1
     Nishimura            456196.0    1167148.0      745.9
     Panning                8317.0          0.0        3.2
     Rosenberg           2369293.0    6299172.0     5867.2
     SMDC                 865080.0    1889077.0     1591.6
     Seagen              1708926.0    4591603.0     1310.0
     Shokat              7750604.0   18028756.0    71780.3
     StemCentrx          3460052.0    8379497.0     4068.0
     Stroud             69523178.0  208524102.0   118201.2
     Taunton             6676272.0   17433723.0     7424.9
     Vale                6996496.0   17749677.0     6516.8
     Walter             12208803.0   35502450.0    14606.8
     Weissman             597862.0    1518230.0      427.4
     Wells               8029050.0   20419879.0     7959.7
2017 Administrators      8189423.0   24286786.0     6027.7
     Agard              11835502.0  52083377.0   12133.3
     AllRockMakerUsers  605223.0    1523777.0    204.2
     Arkin              853315.0    2351438.0    452.6
     Chou               11589870.0  34520304.0   77656.3
     Craik              24793464.0  71808773.0   20883.7
     DeGrado            51909568.0  156705721.0  44877.9
     Deo                3037611.0   12140496.0   6905.2
     England            8660330.0   22349422.0   5825.7
     Fraser             22736885.0  64664525.0   11285.3
     Gestwicki          326603.0    955681.0     87.2
     Gross              34062581.0  102504230.0  163431.9
     Julius             1582851.0   4571185.0    787.2
     Jura               41076420.0  118681568.0  35281.0
     Minor              44343731.0  124207475.0  19032.3
     Narlikar           949677.0    3059245.0    514.4
     Rosenberg          3025591.0   8959627.0    2232.1
     Shoichet           2220771.0   6893054.0    1400.5
     Shokat             2307607.0   6494351.0    1785.3
     StemCentrx         22969701.0  66819935.0   16164.6
     Stroud             83707211.0  274817483.0  152324.5
     Taunton            3117584.0   9310197.0    2549.2
     Tolani             16680876.0  46728856.0   27511.8
     Vale               1362357.0   3918058.0    599.1
     Walter             10130212.0  29655425.0   12121.1
     Wells              7664118.0   21077940.0   86370.2
     Xraylab            530015.0    1602306.0    346.3
2018 Administrators       315725.0     964114.0      129.0
     Agard               6037463.0   18705333.0     1917.8
     Chou                4364587.0   13519025.0     1971.6
     Craik               8373472.0   24945653.0     2545.7
     DeGrado            39155031.0  117583253.0    26666.2
     Fraser             34489867.0  101805434.0    11471.7
     Gross              42190590.0  133225287.0    20865.2
     Jura               17786322.0   56127592.0     9028.3
     Manglik            23835006.0  107237508.0    47898.2
     Minor               9414221.0   28041247.0     2399.7
     Narlikar            4094194.0   18642826.0     7801.7
     Rosenberg           1692854.0    5088034.0      678.9
     Shokat             48188277.0  143052940.0    19428.3
     StemCentrx           154071.0          0.0        0.0
     Stroud             38379923.0  132657161.0    41501.9
     Taunton             6554375.0   19789736.0     3693.1
     Walter               382318.0    1707354.0      218.1
     Weissman            2540466.0    7695730.0     1517.6
     Wells               2402338.0    7226515.0     1457.2
